 ; ; ; ; ; ; ; ; ; ; ; ; ; ; ; ; ; ; ; ; ; ; ; ; ; ; ; ; ; ; ; ; ; ;
 ; ;1; ; ; ; ; ; ; ; ; ; ; ; ; ; ; ; ; ; ; ; ; ; ; ; ; ; ; ; ; ; ; ;
 ;1; ; ;1; ; ; ; ; ; ; ; ; ; ; ; ; ; ; ; ; ; ; ; ; ; ; ; ; ; ; ; ; ;
 ; ; ;2; ; ;1; ; ; ; ; ; ; ; ; ; ; ; ; ; ; ; ; ; ; ; ; ; ; ; ; ; ; ;
 ; ;1; ; ;3; ; ;1; ; ; ; ; ; ; ; ; ; ; ; ; ; ; ; ; ; ; ; ; ; ; ; ; ;
 ; ; ; ;3; ; ;4; ; ;1; ; ; ; ; ; ; ; ; ; ; ; ; ; ; ; ; ; ; ; ; ; ; ;
 ; ; ;1; ; ;6; ; ;5; ; ;1; ; ; ; ; ; ; ; ; ; ; ; ; ; ; ; ; ; ; ; ; ;
 ; ; ; ; ;4; ; ;10; ; ;6; ; ;1; ; ; ; ; ; ; ; ; ; ; ; ; ; ; ; ; ; ; ;
 ; ; ; ;1; ; ;10; ; ;15; ; ;7; ; ;1; ; ; ; ; ; ; ; ; ; ; ; ; ; ; ; ; ;
 ; ; ; ; ; ;5; ; ;20; ; ;21; ; ;8; ; ;1; ; ; ; ; ; ; ; ; ; ; ; ; ; ; ;
 ; ; ; ; ;1; ; ;15; ; ;35; ; ;28; ; ;9; ; ;1; ; ; ; ; ; ; ; ; ; ; ; ; ;
 ; ; ; ; ; ; ;6; ; ;35; ; ;56; ; ;36; ; ;10; ; ;1; ; ; ; ; ; ; ; ; ; ; ;
 ; ; ; ; ; ;1; ; ;21; ; ;70; ; ;84; ; ;45; ; ;11; ; ;1; ; ; ; ; ; ; ; ; ;
 ; ; ; ; ; ; ; ;7; ; ;56; ; ;126; ; ;120; ; ;55; ; ;12; ; ;1; ; ; ; ; ; ; ;
 ; ; ; ; ; ; ;1; ; ;28; ; ;126; ; ;210; ; ;165; ; ;66; ; ;13; ; ;1; ; ; ; ; ;
 ; ; ; ; ; ; ; ; ;8; ; ;84; ; ;252; ; ;330; ; ;220; ; ;78; ; ;14; ; ;1; ; ; ;
 ; ; ; ; ; ; ; ;1; ; ;36; ; ;210; ; ;462; ; ;495; ; ;286; ; ;91; ; ;15; ; ;1; ;
 ; ; ; ; ; ; ; ; ; ;9; ; ;120; ; ;462; ; ;792; ; ;715; ; ;364; ; ;105; ; ;16; ; ;
 ; ; ; ; ; ; ; ; ;1; ; ;45; ; ;330; ; ;924; ; ;1287; ; ;1001; ; ;455; ; ;120; ; ;17;
 ; ; ; ; ; ; ; ; ; ; ;10; ; ;165; ; ;792; ; ;1716; ; ;2002; ; ;1365; ; ;560; ; ;136; ;
 ; ; ; ; ; ; ; ; ; ;1; ; ;55; ; ;495; ; ;1716; ; ;3003; ; ;3003; ; ;1820; ; ;680; ; ;
 ; ; ; ; ; ; ; ; ; ; ; ;11; ; ;220; ; ;1287; ; ;3432; ; ;5005; ; ;4368; ; ;2380; ; ;816;
 ; ; ; ; ; ; ; ; ; ; ;1; ; ;66; ; ;715; ; ;3003; ; ;6435; ; ;8008; ; ;6188; ; ;3060; ;
 ; ; ; ; ; ; ; ; ; ; ; ; ;12; ; ;286; ; ;2002; ; ;6435; ; ;11440; ; ;12376; ; ;8568; ; ;
 ; ; ; ; ; ; ; ; ; ; ; ;1; ; ;78; ; ;1001; ; ;5005; ; ;12870; ; ;19448; ; ;18564; ; ;11628;
 ; ; ; ; ; ; ; ; ; ; ; ; ; ;13; ; ;364; ; ;3003; ; ;11440; ; ;24310; ; ;31824; ; ;27132; ;
 ; ; ; ; ; ; ; ; ; ; ; ; ;1; ; ;91; ; ;1365; ; ;8008; ; ;24310; ; ;43758; ; ;50388; ; ;
 ; ; ; ; ; ; ; ; ; ; ; ; ; ; ;14; ; ;455; ; ;4368; ; ;19448; ; ;48620; ; ;75582; ; ;77520;
 ; ; ; ; ; ; ; ; ; ; ; ; ; ;1; ; ;105; ; ;1820; ; ;12376; ; ;43758; ; ;92378; ; ;125970; ;
 ; ; ; ; ; ; ; ; ; ; ; ; ; ; ; ;15; ; ;560; ; ;6188; ; ;31824; ; ;92378; ; ;167960; ; ;
 ; ; ; ; ; ; ; ; ; ; ; ; ; ; ;1; ; ;120; ; ;2380; ; ;18564; ; ;75582; ; ;184756; ; ;293930;